2010
2019
2043
2062
2070
2085
2115
2142
2170
2190
2218
2240
2265
2285
2309
2331
2343
2367
2385
2409
2423
2427
2431
2435
2423
2419
2420
2415
2409
2417
2430
2435
2445
2463
2483
2498
2512
2523
2536
2548
2564
2574
2589
2599
2617
2626
2635
2647
2663
2661
2682
2690
2700
2692
2684
2647
2621
2594
2538
2475
2444
2394
2379
2376
2381
2409
2459
2517
2591
2684
2770
2856
2939
3005
3062
3104
3136
3150
3151
3133
3112
3101
3058
3021
2979
2927
2851
2770
2697
2606
2511
2407
2301
2224
2187
2171
2197
2280
2365
2453
2564
2671
2757
2831
2893
2931
2967
2987
3002
3015
3008
2991
2980
2967
2958
2943
2920
2886
2852
2799
2749
2695
2628
2556
2486
2427
2371
2341
2339
2362
2412
2482
2569
2655
2738
2819
2885
2935
2961
2989
3000
3004
3012
3016
3017
3038
3029
3033
3054
3054
3033
3000
2959
2903
2833
2758
2679
2624
2594
2567
2573
2602
2629
2647
2681
2711
2709
2701
2691
2631
2553
2475
2382
2292
2234
2217
2220
2259
2364
2468
2597
2755
2895
3039
3162
3277
3338
3363
3365
3311
3237
3157
3063
2948
2845
2748
2650
2562
2513
2463
2431
2441
2447
2456
2497
2542
2603
2670
2757
2841
2927
2998
3061
3098
3104
3106
3067
3005
2947
2859
2769
2684
2617
2554
2517
2521
2518
2565
2625
2681
2743
2816
2859
2898
2915
2919
2897
2879
2850
2827
2801
2776
2767
2752
2735
2749
2739
2741
2763
2760
2767
2760
2759
2740
2728
2733
2727
2733
2745
2772
2779
2808
2827
2840
2848
2864
2858
2869
2860
2847
2825
2804
2798
2782
2768
2768
2749
2747
2758
2759
2756
2748
2757
2758
2750
2757
2773
2781
2797
2815
2835
2850
2868
2886
2893
2900
2895
2884
2872
2856
2826
2800
2768
2734
2694
2671
2630
2603
2583
2556
2535
2529
2529
2528
2533
2564
2587
2617
2655
2682
2714
2738
2778
2795
2809
2839
2839
2843
2846
2820
2790
2752
2721
2681
2635
2625
2595
2575
2593
2575
2593
2598
2610
2630
2631
2673
2681
2698
2730
2723
2738
2741
2747
2745
2726
2734
2707
2697
2684
2661
2635
2613
2604
2597
2574
2586
2575
2583
2596
2594
2590
2596
2614
2608
2604
2613
2611
2610
2620
2627
2622
2625
2633
2629
2627
2650
2653
2655
2670
2690
2687
2689
2694
2681
2679
2672
2649
2641
2633
2623
2598
2587
2578
2577
2560
2583
2581
2591
2616
2643
2644
2646
2668
2667
2683
2693
2683
2679
2670
2680
2652
2632
2615
2589
2591
2586
2584
2583
2590
2618
2607
2610
2625
2608
2607
2611
2596
2580
2569
2575
2548
2532
2526
2510
2497
2498
2487
2482
2501
2491
2490
2498
2516
2528
2532
2562
2572
2591
2608
2607
2615
2601
2605
2585
2565
2557
2539
2525
2512
2498
2494
2488
2494
2488
2493
2504
2511
2517
2534
2527
2533
2540
2552
2531
2517
2533
2518
2505
2498
2501
2498
2492
2485
2482
2480
2474
2452
2450
2461
2446
